1	1.05825994337214	1.48090269396227	-0.581906312897568	1.15042892995366	0.982822015319425	1.76239201237545	3.76407490126591	4.30216212968979	2.72608834312808	4.73469828634	-0.398439498445853	3.16353195926941
1	0.426330517279663	-1.68897180928464	1.22890528896164	-1.31741073815039	0.857887313314257	0.450776311601482	1.19796342015592	0.904831529848506	-0.155171862380984	-1.18355270985249	1.88369274598619	0.321437931222868
1	-2.1793808913912	-0.0539869921349627	-1.20374652773174	-1.66982839618832	-0.203369660300503	0.0191396258990842	-0.978968334721253	-2.21980641452478	0.927322237309967	2.82479155559182	0.450319019684757	-0.652029904148333
1	0.72644585824574	-0.577580459018973	0.999688787621737	-0.787631151967257	-0.118811837295215	0.11065757940458	2.68453390292608	-4.16529830709794	-0.663459765183813	0.0112917713435022	-1.03015215046719	0.50598546111874
1	-0.916452529189151	0.199658531391321	-0.031440352988498	0.321019846282544	-0.593671253982476	-1.66924800197231	1.78565749593091	-1.09463952488184	0.176182749747889	-0.649358945374542	-2.79653832654236	-1.11640508605873
1	0.394052610441309	2.02828493622114	1.1188163781149	1.7346054700418	0.759507084019071	0.906980588850567	1.62303987109676	-0.0675001594528184	-1.40437396987492	-0.374782637439749	-2.58472416880383	1.43737635464372
1	1.35930579839188	1.2611284133739	-1.49671862606801	0.462384117218856	-1.11031261771202	0.651209540921688	2.22305012310388	-2.08929757355215	-0.193585646948095	-0.684035786997081	-2.48413264736266	0.632444155813147
1	1.68922156519086	1.84067418899074	0.557886002993772	-0.49883874497787	0.0491172958992789	0.29349764822583	-0.452184570605216	3.83932835894005	5.54500843549808	3.9772196940986	1.98169640756214	0.00858331212339425
1	-1.53644579408328	0.767212566395582	-0.671690421678398	-0.152669883679039	0.309753661866895	0.905560041741864	-2.79753561773122	-2.54647402517415	0.723841125330028	-3.40477204351577	0.435226825585167	-1.87243389052593
1	-0.617020393537119	-1.47851499477055	-1.00561002571818	-0.227153399130147	0.486938990331648	0.00103342526042171	0.98040122259457	2.02724937636776	0.304322322931977	-0.488824966090036	1.56746937898048	-0.407693358278059
1	1.05405610994644	0.347817885288941	2.20315823260984	2.44140493477775	1.04116094104705	1.27004873389899	2.53207581125993	0.916628525629018	-1.41784800832942	-1.12169504215006	-1.27981927355934	0.997604850814575
1	1.05794905146412	0.0535537494780136	0.927005745787041	-1.23108846121698	-0.114460323715931	0.428800503223498	0.513287036821073	1.23161958526966	-0.454603755278435	0.245813715267321	-0.299618674841571	1.2636185155077
1	0.722647412969565	0.705233084308515	3.00977432431916	0.667473604358484	0.0763293427779881	-0.181984658446626	0.981268415177182	-4.01368415970503	-2.55301886209082	0.964444675563021	-0.536141506303252	-1.18323581370783
1	-0.488269800815835	0.520234352973717	-0.821869828537709	-0.545736670741642	-1.3653296116713	-0.705080964222042	-0.530484942098849	2.59572713549135	-4.94880124632643	-2.37476768162019	-3.17336941274158	-1.90659767813541
1	0.77852394311614	-0.487941127552265	-0.701678786969921	-0.251753734309533	-1.23530310242377	0.392722876642188	1.66918508552504	3.87378322368157	3.14807824858047	-0.164679481645558	1.48410918022605	2.549307439382
1	0.788126199203632	-0.573390772104648	0.286789068486873	-1.14306793929608	0.233623629271192	0.583425395610119	-1.15752467143425	2.12038302701448	-0.596862205853962	-2.44835958709702	-4.11478271506839	-0.638511786548332
1	-0.414260373075199	-1.01654815915342	-0.0930051490855426	0.0352689866158024	0.05641138566086	0.188629367059116	-1.35156865082374	0.0245271390883371	-1.11377234941069	-1.18319512090681	-2.18704947493818	-1.56108841533355
1	-0.801548287574988	0.148369468546708	1.05649077021206	0.179121376035651	-1.05783657614545	0.537875980319558	4.13170459126377	4.06469135253153	-1.69585728619977	0.177960361655265	-0.0156842603094945	3.69812231387931
1	-0.320987641188921	-1.37587369786183	-0.859519785342548	-0.642415132978839	1.85343579251386	0.202879921110517	2.5748945394323	0.497441003457873	1.13459848360639	-0.52791814242161	3.0320324701644	1.52999402828398
1	0.451170365627658	0.533705305041665	-0.841035666098887	-0.368858588766838	-0.998575034674155	0.0619851060641218	1.36051432960752	3.33746423625214	-1.33815118834096	-0.947983588889318	0.476281892971682	2.04124554633729
1	-0.707756048997389	-1.75100861163247	-0.690216367863825	-0.147575067784067	-1.08016542730148	-0.564953785244961	0.784735189458616	-1.00016845756313	-2.63205941821774	-0.222254406705949	-1.14371115957535	-3.45180612867396
1	-0.537320691507184	1.16373472442701	0.670382910154641	-0.828818751886891	0.41839030180855	0.681385453586791	-0.79330935848475	0.569249506045361	-0.528613932902264	2.25171811360894	0.0780907634792456	1.95684776007083
1	-1.06688432078233	1.24961292388371	-0.107601854579282	-0.698944366659348	-0.316749354370466	-1.97517509072323	-0.523415242809834	0.316763039429732	-1.5025560876553	-1.462003830245	0.286849270732339	-2.84291624617742
1	-0.327549725275012	-0.504133979454344	0.832360176439992	1.04237194958191	1.51730023510158	1.08499427877168	0.0700549433405228	-0.138055971230225	2.30278672657855	0.612001237677259	4.30361052590759	-0.234612213647496
1	-0.376648878325922	0.426529530853724	-0.857890050742472	-1.36063077677674	0.667684513912532	-1.04745029867391	0.0913253160782348	0.390460389949052	0.702806751919928	-1.20583451357825	-2.3626176874401	-0.529773916308544
1	-1.74810673868488	-0.632531917242132	-1.0765465921834	0.270762385458288	0.525440555680607	-0.386276500983788	-0.264003377354175	0.83241373486829	-0.442074847419688	1.28113613851195	-0.107253028496371	-0.112289535910972
1	-1.04434120171257	1.87610531021337	1.60501254566561	-0.141552290851257	1.51256145310845	0.480782302853282	1.78195132539612	0.923752766734822	-1.20015389502638	2.45318815249573	0.939184683358652	2.76020942063292
1	-1.09563043067053	-1.0017650933113	-0.346556247695221	-0.258582749754451	0.575567704250381	-0.736058707552622	1.48883173714106	2.68633607827174	1.97031247206742	0.636838665690165	-0.59244977267267	-0.40283108268212
1	0.0529542992911591	-0.565506318477373	-0.4623500134466	-0.207851926152365	0.417636902742163	0.684378941657086	-0.0546443880416663	1.15953002546735	0.240593255238546	0.486534698933532	1.50457217100988	-0.552678345613848
1	-0.303752794687226	-0.976198803183448	-2.36909360812281	-0.471043708960166	-0.172262680803976	-1.15247734642889	-1.4027755620856	-2.84141991660946	-2.55677213053939	-3.53620113412724	-1.16664237251585	-2.36270051334447
1	-0.502664702140977	0.902843371069006	-0.0533300822818381	1.33225984204662	0.549817537441968	0.675770004826262	-1.01478391942228	2.99166026366587	3.01666091680214	-1.6911574635253	2.6629368325228	1.57450775920956
1	1.55766622845776	-1.95306319293519	-0.551594299345996	1.98966831821552	0.203342560649915	1.39539531104649	3.83167253131715	-2.91083720319438	2.41321796585081	2.35741885681901	-2.25168380329142	1.53144795825828
1	-0.625318573715043	-0.065559381549025	-0.115593038841005	-1.33273724088146	0.144558505990281	-0.902565573898751	1.48237370559216	-1.56213210081071	1.61702925962326	-0.663862313733788	3.01194921099162	0.34772494735693
1	0.0417743727346366	-0.0685105886685199	-0.982683567211149	0.29075424975085	-0.160798872335614	-1.17771407183766	0.301113490214861	2.50874888933319	-1.29929097877289	-0.386878120163229	-1.49659495474691	4.39338784969961
1	1.92684659060588	2.61692065424129	1.3063989519655	1.02272491193409	0.629482330951369	1.63385207190909	-2.50113961836092	2.2024951067992	-0.565924007398752	1.07997431982312	2.52625533217489	1.84908652679679
1	-1.50711851338533	-1.92882751515999	-0.794918316154129	-1.10486671163269	-0.961044168486176	-0.206282535097802	-0.223051902618878	-1.29143434031656	-4.11639068933017	1.12811084444065	-0.745285940884178	-3.53006484995326
1	-0.388797171710751	-0.41480085853989	0.0102682691697267	0.191672846812326	0.428382522667918	0.556586969886709	-0.441300837120889	-0.423679712291403	0.942342295023398	-3.27021413988582	0.755986220499514	-2.5431053478193
1	-0.606143313407678	-0.980176039739733	-1.75464014236095	-1.24871126704303	-0.0981856843740632	-1.06715305411337	0.991932114926981	1.21631489319286	2.6184802452319	-0.576668374906164	-1.49796829158633	-0.436067364643322
1	-0.332948005983978	-1.31603236540839	-0.465151497376753	-1.7447879711231	-1.03107951163807	-1.00060964251141	0.38590336264247	0.655062809219626	-0.0324236264682052	0.443832025764221	-1.01881440714722	-2.27734010742675
1	0.41719728400608	-0.465076670484177	-1.34159728394771	-1.23535827183827	1.51388769919005	1.18790832621013	-2.5831158644909	-1.41716598754881	1.06670214340747	1.77830539363712	2.57959812168979	-1.34182610534006
1	0.77193152855826	0.0703473302510619	0.232624784075364	-1.46562986066357	1.03861933855348	-0.853626114132989	-1.16385250392443	0.00433681401182151	0.208216408941641	2.9708745461976	1.95019875342136	2.87305304850294
1	0.134035022596292	-1.40309516729404	0.602799434590333	-0.186305093996938	-1.27494671848304	-1.65011857678893	-1.45531959366049	0.0312645189848147	-3.38729731720372	-1.59658995088343	0.360863490642101	-1.32274583388787
1	0.925433081990592	1.08760757258076	1.95397808817973	1.13721416167402	1.02607746714318	0.751866391801297	4.35481270009768	3.19122959278517	1.76205771703698	1.49443242007126	3.04019436786859	2.7141876811324
1	0.478620577818226	0.22048452166589	0.199442354263085	1.07831043415859	-0.060211407917577	1.43842184372563	3.01694387518409	2.78828025923856	3.33608309865956	0.371788586898631	1.66245450691526	-2.06165982779213
1	0.474320299494931	0.339844285497143	0.800699936739813	0.0256733208701454	0.00037174230834524	1.10933276024944	0.779634604526922	4.67884440214557	3.86137056565994	-1.17948797161677	1.42875060211582	2.89132328797549
1	-1.31147503762224	1.36951731011889	0.604817949841163	0.622282625044907	0.00188736483926946	0.953497233205376	1.80111658802481	2.08342474553417	2.73921522466106	0.473982124414185	2.41856439983689	2.08510606078241
1	0.150664463341904	0.689799522624843	1.46607570093524	0.759865238224837	1.44463595984548	0.332442394603544	2.18671187165169	0.290230385092462	-1.32246030097508	-0.188709024587417	-3.58919412386294	1.13980552793101
1	-1.12923040058528	2.09023314081875	-0.419714274300279	0.96631052419793	0.650482975657159	-1.64623477634537	3.08884947715419	0.38554233562263	1.74111212882933	-0.123289646461229	1.0020705517128	-0.627608451338186
1	0.133486830433483	0.140161869408788	1.038989184339	0.1216556651273	1.13750518229664	-0.778885127140588	1.89114585836588	-0.814616291233981	1.05972931565541	-1.58021314379618	-1.78842132256175	-2.41423293458856
1	1.11296229799519	0.0884209516104397	1.79760961862074	3.34830009775798	2.08037036798353	0.678438591514975	0.20189170565552	0.194884010229269	0.410235780043912	1.8880539868496	-0.843990569067058	0.983956649256061
1	0.47507537530161	1.36512651551016	-1.16899411023592	0.432465635822039	0.229977180084107	0.915764565401572	3.06988197518047	-2.23147274038492	1.59401771053567	1.34650534054832	2.60466089765763	-1.90462555756951
1	-0.300460578083083	-0.175225421725514	0.166275710008086	-0.22384480537201	-0.356305891152708	-1.44629541573499	-2.84938094495213	-1.50640203197821	1.73867109917522	1.4799539385942	2.39292018889695	3.8800619720147
1	0.757719462271906	2.07278944648678	0.271256304303109	0.259309698058472	0.525396035508013	-1.52808099892662	2.52467477301122	-0.0450435600047792	-0.193787386507101	0.950721282244158	-1.38980336374287	0.49225734226038
1	0.454405080672675	-0.500508543036514	-0.0738899047468779	-1.21680284771595	-1.40541998224191	-1.23897783730741	1.5898952214121	3.61570344248657	0.95681085510432	0.804920268049729	3.69581982647197	-0.593885358921015
1	-0.242605448548209	-0.117654464127066	-1.52074928530506	1.402283539364	1.77055351501514	0.337024726618239	-1.72979427334283	-1.49062755206201	-0.995467316366024	-1.77126378250174	2.25138281805004	-2.92878653618308
1	-0.691478599208209	0.360968874981475	0.482651999895403	-1.11618135369906	-1.18045231623685	0.580872656456448	2.70023150755794	-4.08926184716154	3.31551887355886	-1.37383925114218	-2.56574554877302	3.55895653679541
1	0.546017617584461	-0.447322780826758	0.226589726221564	1.94020920121997	0.196112500809094	-0.582694655660938	1.73163492534953	-0.194641629469861	0.445121730943036	-0.0756929758346856	2.74226694636586	0.68748314144736
1	0.142757394329815	-1.80119727660125	-0.965425327573946	0.669977435595299	-0.802100456388836	-1.89254661359156	-0.691532328795839	0.210898893512922	0.54005239245807	1.10178782131848	0.133521400271484	-3.07929979428226
1	-0.319485209487912	-0.297505457473622	0.201773151105652	-0.152038578269593	-1.21002168596294	-0.795052237611979	2.45779586370991	-0.725950886436042	-1.51561810276709	-0.843574722775989	-1.38105647596677	-2.88382759577468
1	-1.22427245860734	-0.809040229326376	-0.189582802125888	0.0597786766481318	-0.306901126519296	-1.52444720092021	-0.285196421353102	-0.0172334680763733	-1.6982896276093	-0.255544273389514	-2.67978041693084	-1.42454166180459
1	0.91692710804994	-0.257860734182528	0.471730475883896	-0.200592387955621	-0.092937522253722	-0.866689380982911	1.53267190790336	-1.1208526416915	2.95069189977218	0.962768955968379	-0.407139128846632	2.29012823189495
1	0.010234424778214	2.2418190720795	0.862973226980201	-0.51425920682159	-0.97604802280152	0.465913134668235	-0.53047112399081	0.975374764232799	-0.460975372631352	-0.700958699986848	0.00533818033533351	-0.983346182209617
1	0.252308299456568	0.723064682228382	0.214602663735724	0.643788087970201	1.19562713337183	1.86835653023967	3.0693540430962	-0.214016307414015	0.455621927582549	2.37364312375416	0.666742255575149	0.235688074137853
1	0.477176870767223	0.737109389663905	1.1895040881439	0.356530193110674	0.0277411332283041	1.12838547336123	-0.0162538516859638	2.58924077157535	-0.131112937658131	-1.03799175202081	1.45742440400451	1.99209302430475
1	0.330014227402943	0.0242588192957927	-1.19808436377086	1.50212447394982	0.421095376528914	-0.0766963351215894	-1.26097552788176	1.85681404375907	-0.068680814557896	-2.54506817961205	1.77359490357124	1.33778549159992
1	0.775959465152339	-0.742306946425115	-0.865657032452379	-2.1897290343621	-1.18983630528813	-1.11080438895896	2.51937380604166	3.22459240693822	2.85939207619188	2.47813139856549	4.88614342282916	2.23969435855374
1	-1.07981600594814	-0.975684856217302	0.726642286477114	0.646910188687085	0.598273276996333	0.0932554515665357	-1.08677702283466	3.91125763754115	0.193236903377613	0.915950172297357	-1.85972031149334	3.3881066874621
1	-0.655192449161435	0.230668285692351	-1.95768916663526	-0.808515352760335	-0.664420034325625	-1.93863433897783	-2.48266556879487	-0.803871457810001	-2.33499380681198	1.79069868708403	0.457912936240594	0.685839701262637
1	-0.878241181850151	-0.735571352792901	-0.429542200372002	-0.975161660857752	-2.26151080818614	-0.87380395865213	-0.531368760296506	1.22244891257328	-0.529995799705243	-0.680233525427644	1.00258726002512	0.456478154728097
1	-0.50755609828611	-1.98899543766355	1.22496705183913	0.697891353935459	-1.83006928379155	0.328487518875612	-1.09563227948508	-4.32474490157678	-2.31041480442055	0.225160134220865	2.33705797763775	1.27816624514345
1	-0.64535042983394	-0.223971223999816	0.192714304662328	-0.00516754577766136	-1.02385298428608	1.08170780424275	2.20143061319869	-0.554165614999068	1.10182964932713	-3.41524354355327	0.912628639786814	-0.0478947421201081
1	0.000910345694273194	-0.477423083981314	0.261885673487458	-0.820549023764479	0.498502697433557	-0.686323836704524	-0.093575980708107	-0.372979375583204	-0.621723460574411	3.15500202862578	1.22516562557411	-1.74199620775486
1	-1.62810150296694	0.358349309965572	-0.425751217566019	-0.578743274542676	0.744768815534159	-0.331432980393327	1.82960152887977	1.47395593336705	1.15199152010592	4.18599878922228	1.96225897569903	1.48615539321212
1	0.429383759110918	1.22160923276377	1.64393242956954	1.61714238081843	-0.323096045981171	-0.293635040379076	-0.723278285472561	-0.0858977144610333	-0.730490704609279	-0.276122614188407	0.0191906784383025	-0.396822582373722
1	0.322798703033079	-0.27258558459033	-0.14887624469191	-1.23028870822967	-0.312720514537668	1.1437995921501	-3.29722702457174	0.0226892320754987	-1.24043057630615	-0.662424663208276	-1.81656938204879	-1.88660457763022
1	1.17972372217652	-1.27442535616461	0.542531313192821	0.696396344626876	0.579684396210332	0.720807271654256	-1.02810054099601	1.04846560233783	-0.9985999499309	3.19129751692429	-0.62248073647453	-1.90115601069717
1	0.291096832450256	-0.479924888373213	-2.00876417062092	-0.779866235758456	-0.462726897392214	-0.496838596376474	-3.39374951334769	0.475992284446988	1.97963853578407	-1.27338405698308	-2.68613758332384	-1.0025356519623
1	-0.251200673325155	-0.647507415244959	0.361278871515511	-0.642686782197622	0.997586987857036	0.225359245410332	-0.95433774924864	-0.586790703159145	-2.37403194136035	-2.30875649150362	0.661653506148561	2.70618712939944
1	-0.123952942252284	-0.802660584675891	0.690445817326092	0.225898388899851	0.607262343791939	1.3067791464406	-4.14233731772736	-0.70772261060865	0.376120019805107	-0.214491223616308	-0.329933822429817	0.857305473546298
1	-1.91749420375322	-0.0888172920403974	0.173277473079305	-0.270848213138527	1.9081415920313	-0.085068117550638	-0.00992031935572818	0.831022940177933	0.591846054540087	1.86091322312358	1.37849090564534	2.71831365224742
1	0.477591646960806	-1.2562245994994	0.508880984068179	-0.353959995469368	-0.975368752735267	-0.441429021608788	2.2700491758394	2.99589643811847	2.60315544947634	0.116187902622907	1.14283027092306	1.06246899817154
1	-0.128850900325352	0.444304847875357	0.217383467694955	1.05997192179416	-1.64305068571178	0.325220054559519	0.221145821470089	1.13954281652113	-0.907994350589979	-1.86171881443778	-2.52758355412461	-2.1205671375918
1	0.609752847921647	-0.567043248004606	-0.768146538400799	-1.3700013798165	0.372660122632832	-1.03364694958386	-2.75583681378368	0.521643865609285	-4.00336803918787	-0.917373650886816	0.100716529186366	1.96724083704504
1	0.0309855318137162	-0.135538146811692	0.217513634322675	0.175425143110623	-0.266353557116353	-0.447283364479591	-0.349953068578491	-0.462309751377168	-2.99546099931142	1.21084006376361	0.189093037244721	0.199614494909129
1	0.832151594569247	0.507103929894703	1.09397274780443	0.540365524630043	1.63249821095364	0.0986418562776796	-5.07098625707049	-1.09603217199592	-0.161066444534892	0.774714011725019	1.1671564742621	0.282424677162136
1	0.236355422043718	-1.53086859613125	-0.379524206809242	-1.80184904830852	-0.304643787665062	-2.14382314924727	-1.77996673401421	0.447402844006558	1.18114400076704	1.49661743691167	0.516575744612487	-1.97176372332286
1	-1.06689245273322	0.954006884845131	1.74256514540764	0.359921996680135	1.83264062212307	0.0285809300418724	-2.10325630297776	-1.68672154313116	-0.0791486655020842	2.77773388965422	-0.25774264244406	1.36543540448394
1	-0.312622278117331	0.595277225987026	0.107777208179491	1.06545988359798	-1.09139996697024	-0.12766084586159	0.996436655898357	0.317491835500448	2.4612011674037	-0.221390146622416	0.991639016506302	2.95268940192459
1	-0.546169790286069	-0.377367318971567	0.158451038354574	-0.840450174412672	-0.276038423639045	0.187572308398777	-2.48978446788655	-0.383921559096482	-1.6172687256637	2.043605428917	-0.919820809867658	0.951285422617935
1	1.42195804104227	-1.00430431703116	-0.174834973941026	2.29258013947223	0.679089256611209	-0.723750982615589	-3.250637179116	-3.9762757163162	-3.94585039976306	-1.46426866112506	-1.24144040865434	0.302638159272216
1	1.45007674606234	0.379684525538508	-0.367688553554108	0.510255382798319	0.53614688873906	0.873824547152613	-2.89212483987133	1.69201098447849	0.294160451841754	-0.799459493830397	-1.35202640326683	0.688287539318896
1	1.51733727358051	1.44979089402117	-0.259576127807678	-0.642243148923619	-0.350856456937179	0.730237813024533	-0.785207527331176	-0.0266480965231087	-2.49046161327245	-1.90549211465892	-0.829373971882204	2.4031488377765
1	-0.346755883649322	0.572723505773995	0.308826543237127	-0.278841477029733	0.857923010895702	-1.53047380904687	-2.80052453605434	0.00192702138876348	1.53098780219839	-1.29826712448326	0.842595207081814	-1.31390607312402
1	-0.756194537064756	0.088833630704792	-0.628816489076856	-0.81681013209027	0.192160769869166	1.19789466440285	-0.780058668553052	4.31429017850181	2.72701226100186	-0.382445506622295	-0.560780103997822	-0.308807084891611
1	-1.31676947600986	0.153073685400218	-0.440952728734838	-0.58321723923125	0.403589775539832	-0.98826442042234	-1.54107600118154	1.10000536748836	2.73230697123813	-2.44749774364701	-0.690070333753226	1.57574203336732
1	0.358292803708796	-0.184557216805839	0.766441873326836	-2.20368339154385	-0.647397005666531	-1.07951347892836	-0.113306646799471	-0.325072590413969	-1.0813450485789	-1.51949636233778	-0.177684007128165	-0.663783876958707
1	-0.0467994022307358	1.09285430952729	-0.170897931338708	1.08728974038133	0.452278708835521	1.01403823310224	0.0791395456562715	0.357118219707159	0.357209124805401	0.218374117228674	-1.6836034663091	-1.61738276247085
1	0.0855146466474529	-0.50127998802232	0.489696128471011	-0.606987320392028	-1.32163060012012	0.558672447542358	-0.163106718407229	3.16186722104324	1.95805871830768	-0.294380057411815	-1.72711678221705	1.02152819470953
1	-1.12698639884626	-0.790576124064792	-0.434760860064936	-0.588652672216908	-0.641484244566825	-0.690873361027917	-0.834213355159594	-2.30790135561952	-2.26501952158317	-2.23557049823865	0.0630196719177356	-0.755528098600111
1	0.16461491765611	0.677641065616755	-1.88845350888218	-0.0706907893276699	-0.97845495548857	0.201432529513399	-0.977399933001218	3.440138444672	0.401226838983237	-1.29760817122559	-1.28732802671707	0.752308641375087
1	0.305021677219162	1.05135510435042	2.78706929337032	1.16231444464181	1.14271408424441	0.234555894490398	3.52237649753596	0.997763768334778	0.99117417329066	1.04840721794405	-1.5673012713745	-0.612570502640288
1	-1.12656177792622	0.234282267339323	0.301285762239987	-0.271934727318059	-1.77690332806738	1.56777136804493	-1.60598702842859	0.220629221303244	2.83955239460357	2.96521068639076	0.0750498534727981	-2.33883435962938
1	-0.709988479048558	1.33973445926398	-1.47866896483113	-0.840193593859443	0.836648631534309	-0.94824080063468	-2.9805749512884	1.61108050705668	-2.01254280171185	-1.33455650985603	-1.05958737429151	1.95999840003251
1	0.689975208287515	1.08625292893939	1.74396484825316	1.24142630266308	2.57599490667155	0.765651551137752	3.10195782866728	0.381648031264863	2.68514665230551	-1.93651075986184	0.696337076853977	0.414490060655686
1	0.143653778329686	-1.65054317138293	-1.45359387487852	-1.98868697864888	1.6604187289725	-0.418880991420712	-1.16867360148378	0.0219772966071907	-2.81334558375142	-1.63429495367501	0.531149352813307	1.11699613674638
1	0.213068611276768	0.802398822723901	0.760210930299152	0.215324492936852	-0.200622275159504	1.04187827396847	-4.46815569296569	-2.34183187557111	-0.203935778409417	-0.408747149782747	-5.85542679316239	-0.50290497185048
1	0.73398419645992	0.070787397268856	0.335667731563578	-0.0102767326112112	0.285596213195049	-0.799582680330926	-0.317418223570192	-0.685646561568356	-1.17598185942165	-0.287570477396156	-0.66318510090215	0.892490125423834
1	0.221883667591562	1.13669492029659	1.07326497579425	0.200340844519995	0.206295926802129	0.213829923944123	-1.79341545236079	-3.23200950993187	-2.58506209390218	-0.0559419490328597	0.330411342054244	0.126188097678384
1	-1.13063001597512	0.28114680633439	0.955787542698538	0.17589535132627	-0.162215728555047	1.66234546524738	-1.96445024732916	-1.92808706107016	-1.80264316017194	-3.79829195146572	-3.51054325828185	-1.29868473659843
1	-0.806471668577662	0.464304598299491	0.21963285122069	0.134506074846095	1.00424146570129	0.694708925421842	-4.65893548763378	-3.72181503636848	-0.178145224640629	-3.0014035472462	-3.34936318330431	1.47865751822132
1	-1.70255073181438	-0.154651750575898	-1.39884792833647	-0.803492697701997	-1.69340448583089	0.46161969731349	-1.04472089980092	-1.6158321593966	0.603662751893018	1.15915001218198	-0.287444558054472	3.49352382846935
1	-1.00627716835354	-0.650278307857726	0.669192864633672	-0.34469244664402	1.33916378002621	-0.34729090744761	1.05722201206939	-1.81560591356088	-0.382748224418164	-2.03937442349361	-1.53800251896791	-2.08618780846975
1	1.31239300960375	-0.33118960319431	-0.63828448480522	0.546651196112367	-0.0363995906431206	-0.42244895306493	0.907512759640034	-1.40596189258779	-2.44386529657955	-1.42385686371719	1.68873384064178	-4.9653881372707
1	0.0414958928812208	-0.305054514334937	-0.361893001061085	-0.892161978571557	1.07210039293044	0.807328408944621	0.942829936374304	3.40761462816522	1.96207326832616	2.16668748519995	-0.7902095788545	0.536257668164396
1	-0.14956450980265	-1.7859727653629	-0.140359631224882	0.657077655117895	0.553884521087042	0.900293953551648	-2.59421407196977	0.734668264801049	0.0710550780665081	-0.891940863774903	-5.17295275758455	3.57952554259827
1	1.26055205014329	0.386850305173215	0.578554343874609	-0.404285724604119	1.5482269179129	0.620582245160519	-0.692344446961768	0.357018941859669	3.92696036806934	0.819295459971474	1.52857848854827	1.82022833499505
1	-0.489512067767435	-0.235851407256986	-1.0705504954706	0.579164023693364	-0.314300047192666	-1.11614167564641	-1.69133089245212	-2.2649719047357	-3.03674815015308	-0.707888861202867	0.735782692522718	-1.03726051279508
1	1.0772873424692	-0.245365613787303	0.0191615762576747	1.48117052805368	-0.968334001117303	0.999570008732375	1.29507807085019	0.44996934067119	0.907873591572534	1.78263951655301	0.508403107996711	2.53297901778547
1	-0.305328418634595	-0.277266693940515	0.372699373478234	1.43202688782267	-0.0724121885521292	-0.818611913159175	-0.601082648259392	1.21918566581625	-1.4117280571671	-1.14442356742578	0.828180789601238	-5.45900798109608
1	1.49695748024314	0.295235135153517	-0.000142421200644408	1.47115581686435	-0.64352824032888	0.746441992780253	1.37722627161091	0.298639995261159	0.637249515145844	-1.70412254474511	-2.27815674442208	-1.77900278204043
1	-0.295225631205275	-1.32095854539107	-1.10690894830054	-1.37269424857444	-0.0255107778643545	-0.625305142152611	-0.654341357454787	-2.48255156787521	-0.335188895494413	0.758670897745027	-1.92502778062327	-1.62247064951736
1	2.72703757308801	0.958356678243188	0.793513244981187	-0.453709105858981	0.810068310428855	1.3494151946223	-2.39935932006401	-0.262389806937762	0.322024287295579	0.617740834196445	-2.82681111176383	-0.259982964385876
1	0.605217431459533	-0.0196142901965455	0.753159806242474	0.752376919067323	-0.772288761283105	-0.122144070837273	0.691939425222284	1.76122449289049	-0.137812940963828	0.0494667437212869	-0.114869522810826	3.60688287785096
1	0.932984109548833	0.58339560793051	-0.0135380336315595	0.153049275437278	2.60189567672879	0.368763717138672	3.01878239452783	0.109638982913888	2.55218957908077	-1.601421679941	-1.4607437523448	1.08236536547073
1	0.193656181003343	0.124741005772974	-0.356072164462728	1.23402535702738	0.259556582026999	0.977320662777443	-2.08995425893215	-1.30473691595775	0.829002243907074	-1.07655684450792	1.41483815642751	1.52760983494564
1	0.107047419770006	0.603440475103197	0.0311636817262069	-0.374644992519779	0.000103770010583065	-0.487693681144115	-2.70668324060283	-0.241294379015623	-0.141163884765249	2.52512782482925	1.8059911793403	2.89704361792187
1	-1.57411331090923	-0.890281355582348	0.792705945329896	1.27050219235419	0.250377502684616	0.675602912221724	-0.223589848175045	-1.28795600737674	-2.23963517964919	0.450358298058832	1.60580650137208	-1.7610755602393
1	-0.273947973690227	-0.590402820363067	-0.599356956977069	0.266738864663867	0.202587916080109	-0.776661791614186	0.614120944191461	-1.08161276348624	2.45744741836301	1.09896517823381	-1.14575370323483	2.56699777305036
1	-1.62340837685551	0.155280591990144	-0.0643240704292641	-0.0650222221026574	-0.326836988362198	-1.21487052743947	0.958564890344005	-1.67829455897554	-2.76862453413341	-1.56973792127439	0.0612214139341328	2.15086358343825
1	0.136465969417798	0.574731448864382	-0.754336514249899	0.930586537824665	-0.468846109039702	1.97763220438248	-2.89281236315892	0.425619805853327	-0.849339620457439	-1.13085897100122	1.24229602619831	1.99186137135542
1	-1.65050220351108	-0.304416819780126	0.71851965956111	-1.68022237192823	-0.12115147379109	-1.47287211644357	-0.989046291052221	-0.106979757653361	-0.223618663616312	-0.681375517803088	-2.74454760427721	3.45092005502904
1	-0.567088122458822	-2.3755946075881	0.0279274186056449	-0.0500875328651297	0.41590345528427	1.70996526764714	3.85331386366833	3.41296303284038	2.19970903142719	0.374475907743542	-0.525155814184355	-2.00528148341279
1	1.34158841519708	-0.413059327050355	-0.836901046007262	-0.657935555157291	-0.0993616185425306	0.24824419256762	-0.406106806159503	-3.28978735837341	-1.6355571927111	-0.15792724888088	0.242180642175431	-0.191640694436936
1	-1.89407727580532	-1.0941680364737	-0.938432469307734	0.218473732709636	-0.247552249132787	-0.409109337530387	-1.08497770064251	-3.87655012974042	0.362185076307064	2.68449866677212	0.195639223521422	-2.71284327716591
1	1.82274400017129	-0.339142693374749	1.07489306587228	0.146332535534242	1.59508845510359	0.329869782683083	5.1083578889077	1.23609486967623	1.04585586536265	2.45616649532101	-0.0948616746614095	1.15522213114435
1	-0.338021498666696	0.00905462548766996	-1.08379853652124	-1.32022206849057	0.585290823736583	-1.56782812072743	-3.95773526001111	-1.58844488935646	0.83097348466564	-1.67675272434505	-2.39900933377425	-5.36194308411793
1	0.335799094466082	-1.1399261491614	0.332775589225853	-1.77271435299721	-0.23927256445463	0.582795629211529	0.356983905287058	-0.0340769318506619	0.276488666422943	3.45615262652174	1.79201315585132	2.94796900141408
1	-0.114552843734596	-0.767510902264296	-0.19494225564626	0.450029870898085	0.86207103013842	-0.373151067212911	-3.27273811959997	2.93668172039498	-0.745471764827659	-2.62049994507833	0.2282114873896	-1.53270143734842
1	0.696228378789651	0.0596321037817833	-0.0746935078986232	-1.13905489597958	0.121659486010556	0.424751830687568	1.53506626806848	1.64030290695946	0.0295195059837672	1.66814798603272	-1.5415529236584	0.500228884354752
1	-1.29553225766967	-0.46559470208935	-1.11231734078921	-2.60578665437584	-0.0187635506424371	-0.578389413684597	-0.971857620630588	-1.10512148809001	-2.61076601541702	-2.34425352171118	0.095017440596122	-4.67043883598902
1	0.179515623224318	-1.86228224579104	0.052441722855226	-0.366956862045891	-0.127589439918611	-0.0655821439239896	3.51532319596078	-1.1024332398042	1.71565940182593	1.61174176743989	4.50349505085999	-1.45083187063864
1	-0.0510552439746976	-0.595552071618485	-1.41464301298997	-0.355436303761787	1.44135520251031	-0.381648050945439	0.189558586301556	-2.33897728508216	-0.849195573640518	-4.32418916646822	-0.213864825233337	-3.04582296698889
1	0.217651064612915	1.00016109481967	-0.856879702807664	0.104893379497037	1.23302834618305	-0.304091865709053	-0.430476336564977	-1.46863265119899	-1.26792159773514	-0.819013065070181	-1.84699528627426	-1.51394917536612
1	-1.89972426119796	-0.789822256274955	-0.977712957625527	-1.21873308400392	-0.450537640342317	-1.41629861846204	-1.93353354371616	-2.44018026353109	-2.30841261489098	-0.0671877937286747	-0.665430622811761	-1.52377983923904
1	-1.21179772257518	2.3258037330282	0.473087386598467	1.14397276021445	0.276321082702407	1.02366467590902	-1.14845552478168	-0.081159815189626	1.97956419756766	0.958520565580123	-0.115356279021781	0.814867775752952
1	-0.904066758922198	-0.822188052075962	0.995296489249682	-0.697580104160871	-0.51820906615607	-2.93803467948885	0.362108720838931	-2.11733789666734	-1.86351193332699	-0.769952180584848	0.0255988664350689	-1.38430099530288
1	0.891845574986101	1.02190896247414	-1.65465975412308	-0.273075680084723	0.456451403810459	-0.213811219886092	-0.396063505943014	-3.32960250782972	-0.111775471590678	-1.31609746616102	1.49147515301248	1.07684183792386
1	0.354593216621662	-0.646886136151241	-0.0170564563141098	-1.76503155815022	-1.56372884409799	0.677290248664612	1.42919632410607	3.48423662740865	2.30096373912693	4.49815786740452	1.82460744217537	2.82971378227631
1	2.68732479061401	-0.331692845736867	0.286387547697736	-0.0683237855410705	-0.0731128547294786	-0.104206743489649	-2.42907869911665	-2.3328102539305	-0.489475680839645	1.07679250031239	1.11089368577018	-1.24459303525814
1	-0.118651035371885	-0.305110250552257	1.32317361235188	0.274466977100067	-0.887221440549075	1.84261624883752	1.55557518878597	0.672683964580622	-0.543202648976441	3.10405971088526	1.17000956325796	3.01466537640886
1	1.35013921302504	0.813944533232469	0.232414452054626	1.25475783388291	1.05198011631286	-1.2339793700845	3.81933046744955	2.12933268737805	0.630829137196837	-2.12631758087261	0.070614514136213	-0.656334445617451
1	2.41950307883989	-0.603946678747134	1.68344279019892	1.32121432768801	0.148647362517875	1.34217808674999	0.909781183114638	-0.780756134528422	-0.248939273445268	-0.461581707817939	0.847205032335467	-0.837161755495461
1	-0.981606441427643	-1.0176484145036	1.82736941333402	-0.386553287757666	0.478142890507615	-2.01482262643896	2.55365607463995	4.82379095188335	-0.624388240614998	0.625863951954681	-0.265380179366294	4.2711342704662
1	0.440597206642411	2.18068193573285	0.0661485039051547	1.04313190091468	0.172936741353923	-0.0624833230799515	2.79019597373254	1.1753043242324	0.356026134114418	0.899864034064679	-3.3775459744737	1.61277442690267
1	0.0594020621550546	-0.612519817694051	0.922370394226153	-0.281288533974307	1.73350891949254	-0.0462205474888183	1.28445850983515	-3.17631150806362	-3.6745922868483	0.392735891239446	-1.16033327601585	0.605186985506483
1	0.227944326894086	-0.949065937261491	-0.66896133926792	-0.392474642456049	-0.658361104202324	-0.160536378188166	1.50493216619416	-0.137707291062031	-1.4897545020248	1.46717611753397	0.931748876928842	0.396571974727401
1	1.02819495103727	0.903248065544799	-0.11552257769991	1.71346395586622	1.77898089803498	0.466462481858453	1.5651460285435	-0.328807883315474	2.769507060616	3.59357333462852	1.78206898242011	1.98205858578932
1	-0.854385480964817	0.27447348283108	-0.0379871717225216	1.54363400763966	0.955169452481182	1.26736991019247	-2.06509845795797	0.63844411055057	-0.668595244828112	-1.15855862130421	-1.12393908404341	-1.21601096190943
1	-1.66242736433307	-1.5871937306782	-0.515802285504827	-0.463811726121808	0.276233624257847	0.481034031798473	-1.9112568447609	-1.67646492820252	1.15874669167331	-0.682542141545608	0.462434177528857	0.372867363686365
1	0.047613925142556	-2.17349628493867	-1.06784242868558	-0.154000516072176	1.32507234321221	-0.176183030983328	0.414896803177391	2.42300770353694	-0.424748126405118	0.654533437783375	-1.88514909491597	1.42847227285674
1	0.0127060866255035	2.18041528620385	-0.256344330369114	-2.09692925921355	-0.412828029929903	0.00734210590612848	3.49307900200325	0.0321527602590195	2.08503912131152	-2.8578675403454	4.15843834670063	1.21844930328695
1	-1.08972595110067	-0.38243294867215	-0.503727506632639	0.413140084289535	-0.769870680659438	-1.71219374607497	0.0402732545408541	-0.43094320524327	-4.17322198925617	-1.19558025141769	-1.81703502647689	-2.18765814072606
1	-0.325922910320055	0.456387888920619	-1.77745259852779	-0.77431063382807	-1.48728039428131	-0.295757816593285	-1.13338535081833	-2.68350046790217	1.20918645621136	-1.48638023440699	0.725502925252454	-3.00162908794779
1	0.70709944374526	-0.968101268276969	-1.74067372676762	-2.56415928188009	-2.94843196903415	0.367139361759704	1.81359113527153	-1.8678488786743	-2.02731393628694	-3.29246234710251	-2.66224417480284	0.521299288320045
1	0.473734030211627	0.621543958875667	0.152739844781364	-0.870768393009975	0.945250424457084	-1.37294673012845	3.30310989401885	4.75627967006152	0.527562233708984	2.76991817246871	1.76958543401061	0.729833749133641
1	-0.371355390810073	-0.905531387765591	-0.467960534516118	0.544979409940988	-2.04597763036752	-2.8818084869135	2.53900913656117	2.20477064221039	-3.08354425705367	1.59477162477173	-1.93915068771821	-0.487447448899685
1	0.000240393458060626	1.20760152170213	-1.43188301751466	1.22478810099725	-1.40177785031014	-0.157449818554025	-0.291795316444763	0.766042387814436	0.180522740576857	0.297514296493843	1.40619056386713	-0.0501964356221056
1	0.0473396106558872	-0.407140061484208	-0.492282683158891	-0.200202083291371	-0.567222708623579	1.13899960770072	-0.773810129407937	0.592129727591434	1.47335999906062	-0.787335251513402	1.47963667983092	-2.2480614983255
1	-0.0754191691544959	0.495134886041634	-0.2443923037824	-0.288018363113166	-0.521302500778332	0.427174189314351	0.602122177698297	0.657104172543779	-0.490539543646585	1.64413101355523	-0.0558070487862884	-0.758967312525223
1	1.43086526018771	0.635044046311308	-1.17890919208503	-0.290084882838485	0.837976240614581	-1.03104882574922	1.09372789733911	-0.759423128989885	-5.48942288195608	0.116879088232012	0.328319491478591	-0.682560469175749
1	0.273489178444583	0.730106175211313	0.38604537413909	2.2317632373371	0.824771880517081	0.172316018927339	1.8474551419991	0.835896666601063	1.35673663631292	3.91612844622627	-1.60205781005455	1.28220819344066
1	0.354384157164986	0.192773778171185	0.474305139970151	0.849921672891389	-0.0639023511248025	-0.782499911986937	-0.756407827641554	-1.24482472517418	-0.550770247317855	-1.40329644955229	-3.1101003328969	0.508233836780811
1	-0.00188714772573329	1.3529052250225	0.783070734834096	-0.0379269262749747	-0.520817952192241	2.95901132627386	-0.0939366826786067	1.68529904524886	5.52567247188915	-0.369653356474137	0.862554492524954	2.42805980661019
1	0.330423537258528	1.23171348834484	1.16301143315068	0.448517457419284	-1.2360062464319	0.341792469678412	2.31931846251241	-1.67151741682382	0.535304078351847	2.22252123728065	-1.20763393127065	1.79716800009842
1	0.10230474859333	2.59052860347363	2.73997028147787	0.508666501792341	1.80286389335713	0.773080158461247	-1.34923121519354	-1.47818498193634	1.27060577068579	0.825489573964599	1.98758289313982	0.815725419590661
2	0.0703117171742075	-0.147967539064018	1.60522949354081	-1.34760926875357	0.100627998479306	-0.968846503391512	3.95673343857734	2.77245927113844	3.46480033748055	3.20845965513002	0.456416619805594	3.36132367190899
2	0.651008073176566	1.33106229665277	-0.678543868709583	-0.162738348854754	-0.188109433712756	-0.405026957814567	0.239594276030509	3.0757207746003	0.851210637658856	3.55721694414077	0.00422164807608266	1.09270249076329
2	1.00059606861332	0.571314482037458	0.118072079432545	2.17273380203145	0.234823176705992	1.21749051898191	-3.0996783248209	2.12033907439034	0.581628626020431	4.51935196618381	0.19922338174732	2.86555392056108
2	0.419148055430023	0.53180385757908	0.512182681199572	-1.24748010479156	0.637138469958356	1.16428726798543	-0.893029036809367	-1.63828929311013	-1.05803617508167	-2.23605162636945	-2.83680988220164	-1.04048491526365
2	0.590737048375205	-0.154229302202911	-1.05801222344396	0.00834413437659764	-0.224489691221281	-1.44549571849816	-0.612073753919993	-1.75477104219461	1.66827092126254	2.04486418328819	0.400381199708384	-0.130986232299476
2	-1.62136526038786	-0.818672957562776	-1.03355469118391	-0.662195260110507	0.295244012439409	0.966388622366467	2.38739411234919	0.476890917153349	1.01680970887271	2.40767609177776	-0.152353694909513	2.64518717811015
2	-0.124800102709401	0.244491093193473	0.107919699408734	-0.886431483474745	-0.970624565951104	-0.962682092242359	-2.45052842222339	-0.200103744460048	0.0866042277055982	2.05690180060063	2.27092234787109	-2.81600809181254
2	0.779842654969929	-1.2115509043584	0.153830278638414	-1.55977822778388	-0.538398955398173	0.578141197239402	0.840360838196084	5.65240469031607	4.75217963032323	0.512762898354575	0.895813647077921	-0.114260745844185
2	-0.86148869456695	-1.1261113592476	0.080455313009283	-0.008738599769021	-0.260726289560789	-2.16555198321304	0.598015196219951	-1.06188680233388	-1.58587829587724	-0.790331387658958	-2.11719956167165	-0.296509140253036
2	-0.46587222073859	-0.651441802276222	-0.74517933133275	0.114259059498955	0.987555029138382	1.21554875852515	0.629386255317705	-2.34290103142859	-3.05617740726902	-1.03519878345066	-0.0403690849523206	-4.3890653367678
2	-2.55142891133233	-0.735567812973067	-1.15944234730197	-1.04217919122407	-2.30075831065091	-0.747092757774337	0.164704281093374	4.14019878529119	1.65593518752725	1.33633585619285	-0.160696177251109	2.58306956395842
2	-0.216699891001872	-0.495776989581077	-0.152881449881756	0.173448244269259	0.669303669071869	-0.453106638469221	0.986408075634621	-2.23457515790622	-1.32242781427032	3.9229574681342	0.345232561200328	0.624931561336655
2	0.026385879472147	1.53485350346399	1.03252464054565	2.18127013446504	-0.714445359364076	0.0822036675583619	-0.291189516158221	0.689936264341887	2.51627322532503	1.93813923861236	0.53170410358541	1.06903521109039
2	0.852741406501727	1.68293276199248	0.778010053158108	1.66784446205387	1.45641629636016	0.80383947669152	1.02515525126962	0.695829152138133	-1.2773823954579	1.82738535229403	2.22600540261423	-1.39181668736893
2	-0.940179333633959	-1.39708768020923	-0.600731532802108	0.0154281799180248	-1.21269882280505	-0.365884600362482	-0.654623098330658	-2.0038783298791	-1.30809447429041	-1.24708512386282	-3.74864138558016	-2.87251688673646
2	-0.124901299610027	-0.569582603384843	-1.01552841505054	0.0185780294970447	-1.76195142826702	-0.436235888351968	-1.51923813169491	-0.930368517692066	1.75226748059247	-4.12823694713934	0.69129291978478	-1.64958706313391
2	-1.31608347821505	0.662206304549021	-0.238241560860787	1.36461217057305	0.0888381749905486	0.949442302222877	2.48082828782877	1.89531170778758	-1.13658513233969	0.612417245067388	-1.15717426027823	-0.778728648142054
2	1.40140561135438	0.29759055635489	0.673059994582602	2.28968647255171	1.59244325083386	1.96855418835114	0.0952325479910682	-0.0321560353192094	-0.531027125850786	0.315942005044165	-1.65039301718887	-1.69843188604932
2	1.3134804015022	-0.834601046050879	0.651953180562278	1.60393079917226	1.74407898474326	1.49705626661032	0.461570131437655	0.1193209792931	-0.314030950519331	-0.137071732121307	-1.29546394181377	1.29761379713801
2	1.8621532811406	2.47447558391665	1.66428111337672	0.677985763534432	-0.0400278154101669	0.468081316909574	2.83186206430145	5.47844868997796	-1.54989251795883	4.45159993272406	-0.0661337762709396	1.8359431495891
2	0.816369973589242	2.08116330839903	-0.196648937137656	2.24301820077255	2.04364506361716	0.476185919657686	1.28243799553188	0.0641746428786907	0.177501590023701	-0.125370040974243	-0.852894559417118	-0.483154225150026
2	0.890216696332162	1.00228837264271	0.561843941133113	0.383085634262753	0.467699474048146	0.129755449078625	-1.20302258190696	-2.07183059321551	-0.408573537419694	-1.6283619813464	-1.24417183715276	0.322451946536452
2	0.852749215654427	0.0616118432538424	1.00595595071472	0.0385720820327347	1.50690388057938	-0.389821641128702	3.36738923584947	1.05992103677907	4.21964710049571	-0.137148475273839	4.37955916715152	1.61914181966309
2	0.343736095712778	1.60795508088199	0.908081388647463	1.30919369081618	1.38570279050166	-0.344886259713417	-0.360103847106966	2.20750376211256	-1.25526476690404	0.922371890557374	-0.743776168855729	2.35083998182441
2	0.351313631266935	0.201013431140892	-0.151780602856061	1.7257325838756	0.133185653798154	1.67912103332765	-2.31411385863626	-0.197366876216144	1.22003947728409	1.20706095369884	0.555687895090738	0.825149914545988
2	-0.33610678926341	0.309461055111086	-0.868576157982996	-0.0801849429091587	1.41824199133773	1.06408152145361	2.40000361968469	2.73778013944937	1.10377572330829	1.28286427155874	1.3906221569605	-1.49136604079172
2	-0.488237306302365	-0.297743627417149	0.681953482434184	-0.38242949049673	-1.30390841230198	-0.116799652196603	2.50147597783613	2.73407397223407	6.10871414236695	0.606279657759872	2.75157265185061	2.97777382644707
2	0.651724707821092	3.13892134867773	-1.02397376620092	1.02103626215399	0.553655511067084	0.618426312494124	-0.464476059042007	-1.07563499373448	-1.27752156586403	-1.90437619935934	-0.717205347692074	-1.86865307313058
2	-0.328601341345123	-0.519927355267242	0.367761601437951	-0.532942472384163	-0.608306850035801	-0.496229757833251	4.39426880596691	1.55686268458621	0.798754815793834	1.1343923240877	0.805081391977658	4.23952146535157
2	-1.0710499425786	0.889039004240603	0.175483447484715	0.961231927403608	1.03868185442045	0.81793064849229	0.716336464801591	-3.01937319581344	2.46171242741815	0.30886237828065	-0.492948492403088	-0.524039493013464
2	0.171484299240674	-1.49783035424781	-0.518097944507067	-0.437809943901092	0.265772503980102	-1.73964107166253	-0.887241330828602	-2.33304898163589	-1.34646519388913	-0.0337539678110789	-0.175796425621335	-2.46858505015719
2	0.188386167215467	0.479221513451929	-0.608375817653444	-0.528744731704726	-1.83032880379426	-0.865323914358857	-0.417530646520072	-1.79908216089989	-0.599167174267193	-0.769627634562012	-1.92644227561197	-0.921477935822196
2	0.262640417833454	-1.36306745029119	-0.548847255879481	-0.252422431637903	-1.92311068097146	-0.464788129040352	-1.28052862226058	-2.33140469127792	1.90412535971675	2.25297521415314	0.174416934855285	-1.57181152391485
2	-1.16918633032902	0.131316584896538	-0.0355992138135414	1.29165953953859	-0.62184838227278	-0.677271602298519	0.676758306741686	-0.720515312553118	1.44477830264831	2.92013708517396	-1.37116728860835	1.6552363333508
2	-0.388834647841216	0.84950606585102	0.892088352345237	0.610534904541358	0.0445741090950537	1.66268440497365	-0.182905871618384	1.20575417648767	-1.57767533850077	-2.47170746771954	0.867175364788569	0.0514224260154669
2	2.04338318412284	0.173592759121389	0.438852701639535	0.370204816816321	0.250275549422254	0.482449040939265	-1.05530689005361	-0.612139221215492	0.91943372059357	-0.0338312462896067	-0.561387736797546	-2.19453384636931
2	1.57337419753993	0.81995214139635	0.998308167114866	1.40984467494056	2.21279818679909	0.602723095040928	2.58256082314204	1.48882439541594	2.2398320331388	4.90766901658184	2.94126357297674	0.997203296172494
2	-1.67445904080481	2.6831833580831	1.68777679140677	-0.506443307534712	0.342380230545143	1.58659260124716	-1.20033393262686	-1.39921519415232	-1.49385178772802	0.121185843953926	0.808361953556183	-2.29257782007495
2	-0.243483253492251	0.647851486025969	-0.880836925110457	-1.89835049146851	-0.105902513912304	-0.550381894867866	-0.39508822218507	-0.901190375526051	0.423336782540929	2.65498106531041	-0.00980758312722302	4.17973737504861
2	1.19885952799144	0.27288127370685	0.444700543826768	2.52278866315821	-0.289357342500648	2.13137406163284	-2.27450137486571	0.552212544885676	-0.818281433029697	0.210286673665989	-2.63682784547656	0.192891040423165
2	0.195434925037074	0.849472979304025	-0.460689227947276	-0.524827621395787	0.232881972714405	-0.280819113542108	2.14331594018113	0.686195855051806	2.81357436915416	2.52278829601144	4.70359620933688	-0.648490626485043
2	1.03644265312068	0.935805601853406	-0.734501686952787	1.09826854399143	0.827310173035384	-0.0639089433681591	3.3961107995068	1.02430293899691	0.424110952896995	-1.77561876766814	0.520386418493231	2.46123400710451
2	0.318976478644756	0.405420481171411	-0.325598819963135	0.127750026628985	-0.103338255982092	-0.364049601160013	2.17783096490786	1.28314785090672	1.72897432844799	0.187074683050257	2.74145391547514	-2.96815896385805
2	-1.48749002832845	-2.0610425590907	-1.2220479340848	0.516048066963141	-1.27513006042369	-0.830293019946637	-1.70082511302973	-1.72413198022184	-1.99165643444514	-1.52892340603515	-3.69965772389925	-2.75828800243114
2	0.40016993907197	0.244662981065568	0.656958532591399	0.130769521646115	1.19221328809212	-0.060384267875797	-1.53684456620747	-0.310560022951034	-0.87737678035215	-1.7589203160701	-2.11761930806407	-2.86629621700105
2	-0.262515628374266	-0.565207638665596	1.6825413297018	-0.425078730954616	1.34886673503996	0.344943227263832	1.20349982987231	0.901187383456124	-0.602024938947482	1.98359571355822	2.04322794374941	-0.385463864088116
2	1.60293800377127	1.02172001787879	-0.564783542910767	-0.486623033998244	-0.0720006662296982	-0.223098297050558	-2.54478395391786	-0.41564063821502	-2.59284512698638	-1.78487961700568	-0.84988642493314	-0.395606691704444
2	1.17261273826682	1.8887249711212	0.5305178792931	0.935709054116004	-0.19640804780263	0.758757543092073	0.402822235063029	-0.27642998964105	-2.02506020934845	-0.180421093724753	0.476421009428017	-0.962405012049612
2	0.00545458415415751	0.226281182890946	0.0623560148595435	0.249393469837998	-0.191990658865507	0.388370484328101	-0.0776559498631953	5.55257775973048	1.2607153654093	3.43797789184174	0.587455678366641	2.71302685801076
2	0.648865596306074	0.231705647613762	-0.810384831223959	-0.341328022841453	-0.0913666340835605	-0.101316669546125	-2.19483948178778	-3.60684209803112	-1.32198944346651	0.725582134192119	-0.0447371056927422	-2.13342971785526
2	0.990238151636979	-1.54519029301443	0.484318757839847	0.0997690705085464	-0.751697756720016	0.142563218300027	-0.609370453003638	-0.637961051764862	-3.80105179846745	-3.13536516069342	-1.8892770779246	-0.57229807714552
2	0.552262049366788	1.00238237523354	1.21400689098334	0.292794647552628	0.292611419546385	-0.524405795876219	-1.30985307029261	-0.0724335359493527	-1.53513827534342	-0.590131959433241	0.236125072631882	0.65552088801863
2	0.88312981233015	0.426292815065632	1.30571622123541	1.30942483282889	0.661383159082108	0.983812881991275	0.885585499264566	1.26029296659624	3.14017692474436	1.86842253449927	1.61179151277186	2.83339683708786
2	-0.308725488093324	0.162504377685485	1.23377619917951	0.609367103312476	0.154554655888224	-0.822161158730584	-0.78542809160403	-0.705335270116629	-1.61134048935497	0.891306825914262	1.74753270506142	1.43371807120672
2	-0.426802768541807	-0.552947707672352	-0.811458322387671	-1.03688623721301	-0.656804427782539	0.600411321989285	2.64626401273645	4.09864103561107	0.477454038655813	0.435266707312877	-2.57796680204314	1.06486085659068
2	0.469818066848045	0.10330651670019	-0.132321276115817	2.32852830374714	-0.464279783684758	1.28596913041007	-0.0522029000427829	5.53777851334402	1.28086876569139	4.0919063749957	-0.526371604257937	3.88368805217678
2	1.701114320726	1.20966167202001	1.80399766563454	1.72861260825311	0.96531815403233	1.1542058003045	0.342825780316718	1.63599801381249	-2.18738098116853	2.22780831584178	0.0226647790513219	-1.23771583024622
2	1.16385858800615	-0.798388252601139	1.30701418292231	1.15768621486601	1.08580443214599	0.683497323135911	-0.81445805960944	-0.386353630003558	-0.1260069201403	-0.649954987809416	1.45933415929119	2.08560574177495
2	2.05208368491143	-0.858245537616096	-0.124301934277394	-0.192630072034224	1.35121081821251	-0.696440047486673	-0.513725250618018	-0.0410026814769109	-0.854735277141884	-0.44209827534615	-4.13255572736712	-3.36591827367066
2	1.18553172165053	0.247264278312197	-0.832465191502321	-0.507482329454751	-0.221963682736514	0.252495619403978	0.496678642917695	0.00680472522553985	0.832208798159941	-1.2285468632535	1.87471498261509	-0.480653842202682
2	0.292500098674975	-0.929099580214298	0.379216896162557	0.214147203241761	2.73231618227269	1.00345397348394	2.84912117281419	1.88145738230835	-0.457898861649073	4.1219847101855	0.44393046859409	-0.512118826668998
2	1.59249615411694	-0.521118091874655	-0.179251414920586	-0.170265039823208	-0.000336993400665203	1.07033435534615	-0.614085448255029	-0.74642298235604	1.05386444360809	0.277659626286675	2.33718712508208	2.4560348603531
2	-0.545758511443399	1.17969290672507	1.40956970125424	1.33808022215666	-0.177985582214734	1.29288931208315	2.82339936714948	-0.981365531252959	-0.823485728171941	-0.374728982011516	-0.718127010503617	0.880145242765424
2	1.34948878333419	-0.489650336901263	0.290053826713968	0.628391569290562	1.0970108223023	0.3947597926126	-2.72477723983882	1.32296036226573	-0.0504947362897854	-5.10739820647015	-0.219786075713863	-2.59977205199727
2	1.18157726338464	0.427241282780446	0.275839709685298	0.139856628466576	-0.820366900241341	0.194813290872352	0.229334155714152	-0.277396032950557	-0.586175741485925	2.61375129389801	0.458203202870805	0.719619489725528
2	-1.08528115118706	-1.98686834356533	-1.61483563335039	-0.804943911473367	1.87664649501996	-0.662015029998583	-0.926852014648198	1.84458421926788	3.61333047903506	0.542671689535811	3.48838164099096	0.98723703772639
2	-1.8532338988249	0.279541688342374	0.688782663617567	-0.391459417138516	0.609544952260258	-0.0982683367449423	1.20490706345595	0.942354030519864	0.0680982478846327	-0.793196601756062	0.0292542386746188	0.535858872256781
2	-1.09915102905131	2.03935736627004	-0.6000605686055	0.892725259900675	0.290060727392898	0.89291087751	-4.82461804817632	-0.702408245904014	1.45883220863599	-3.42826062694728	-0.967203733830273	-1.57621012301078
2	0.716435346468875	0.594503761320071	-1.496116177902	-1.54558460756516	-0.323273838481057	0.846633839172437	2.61265743125351	1.05484991963759	-2.89028391387672	0.879605632853734	1.63404213873985	0.514847615026093
2	-0.286110476308979	1.25374130934087	1.40522534416514	0.417550560982573	-0.175289961600796	0.859216725749102	-3.45062535221657	0.313230233033397	-0.32413920156287	-0.862211267868197	1.81733249851897	1.03107528061202
2	-0.326269338889553	-1.59032335967054	-1.20963522684567	-1.35011139036046	-0.996187113126976	-0.113241874176387	-1.07904402367694	-2.59621253943891	-3.7171333564355	-1.95224813798445	-3.05846143260214	-1.161845597023
2	0.265447124396354	0.449218270044117	-0.189809623674088	0.960742310696697	1.33609005119453	0.416972969561599	3.83091904893763	1.42420072507726	1.16411022878931	1.81028912067501	3.29053662000738	1.93183199502103
2	-0.896237023313926	-1.48136314419404	-0.873351446647139	-1.24375062263711	-1.28697125127252	-1.21136137850267	-1.76382942998741	-2.88329197022273	-1.05687570701324	-4.94061577562765	0.713625764357112	-3.10591806800752
2	-0.0109490811651132	1.18706074610463	1.6650092510974	-2.68524930756639	1.65250052965472	0.988756907098826	-2.69902659311813	-0.258078977540399	0.365795783737177	3.35369214691453	-1.87174539629348	0.781697798807199
2	1.04460197719226	0.80656856531833	1.73379563244571	1.87222574256715	1.31166404968469	-0.119010927424687	0.0964684569262185	1.61155729030767	2.43536791672018	-1.49327161131308	1.78549717245262	2.18055817203517
2	-2.05387941124739	-1.21184788088091	-1.14954388705618	0.45442171688861	-0.240646279013263	-2.19427960587536	-1.83610735541014	-0.362731453276611	1.09931650315072	-1.11857361777132	-2.79752127471095	0.814833168169147
2	-0.126428863986414	0.19932675270519	1.76187641614503	0.915179224041874	0.610459458522267	1.17552350788808	-0.504544846205897	-0.417101465409461	-1.94859652303045	-3.81800335767364	0.00716082545474281	-0.290824087032493
2	-0.559989614211957	1.04375104471647	-2.36370194274952	0.229923555577632	0.244022773860141	-0.682266723762077	-0.420036531577676	-4.56333031570181	-2.33991679800081	-1.18330567926986	1.71272063386458	-1.57448772792124
2	0.714468890201134	1.69403035680669	-0.482043576630673	1.91730792659808	0.000502481668064631	2.61802370555693	4.35344667658718	2.77782371977201	1.84893748550635	-1.03320718084624	1.0333049522489	-0.175842556103788
2	0.245716561251465	1.16386544655384	0.713232245327363	0.310249206724212	0.741310032638503	1.14945337770267	0.278836304955416	1.74351338162141	3.51457242464879	-2.95705578536484	-1.91913379013996	2.68475341954237
2	-0.257736693757225	0.214610060196694	0.316865917705249	0.130023125130349	-0.00165999353416463	-1.77643678668349	-2.90049032241884	-1.30194265099948	-2.39223962194358	-3.11362942509336	-3.01589315275351	-3.92358365463627
2	-0.847209430356483	-0.278184379021803	-0.432471512192215	0.447443607575753	0.796127665724941	-1.53123322893364	-0.385231826142079	-1.11718493544969	2.64008702374335	1.64692235163951	-2.34268234038332	-2.34819743692061
2	-0.736251164037068	0.517012544454638	0.433970925069355	-0.250478879079771	-1.29468900167825	-0.641266145658136	1.47677289252031	-0.276767471378195	-0.200571796116455	2.73120982721109	-1.08537395120828	-2.21103968140958
2	1.71919152474855	1.9342904468195	0.937957969152568	1.33173198843582	1.10599532119569	0.430727024315929	-2.17839022347347	-2.19009869078511	-2.1897752529523	-3.01211903123245	1.84982018534007	-2.15872440236202
2	1.08820871018448	0.532766577350076	-0.329339748348342	-1.19342597542212	0.275919191419863	-1.37303402233336	-1.57383130621309	-0.946443590023829	-0.111484537842511	0.910890684347005	1.38622633978414	0.890058046931061
2	0.198365435629684	1.0155754245434	-0.810555632154968	0.718558537530421	-0.633410881659733	-0.839439975508985	-0.725126712017969	-0.240358385422054	0.164248476380397	3.19762918943933	2.92051712232447	0.793045871516335
2	0.777491319694604	-0.271050539013932	-0.892225513376433	-1.29816784236834	1.12960578601774	-0.325778801276479	-0.134072072539131	-0.473633168496	3.77971455902415	-0.405120572393105	1.2419349715147	-3.83217384228908
2	0.929319983401666	-1.25599257167957	-0.429612672307761	-1.09487635399083	-1.44437796880998	-1.97711057139336	0.678214504165533	-0.574724153266118	-1.87185991364774	0.114650027659126	-1.64053866586934	-2.9713418705385
2	1.16610699709736	-0.165319361839875	0.270059266448221	-0.0628395724618927	-0.887472906429868	-0.247333417184565	-2.21619417643696	-1.30607306410592	-0.564507193331443	-3.64718568334203	-6.66733564682119	-0.851837394456594
2	0.15850369807098	-1.52681482561781	0.385235213056625	1.45714811087132	-0.145169215313019	0.470070731754653	0.481323924850496	0.406770268802696	0.909816779111736	-3.53941444009576	-3.51072197217349	-0.00805384253114222
2	0.714224221716317	0.131878352160313	0.755845472651412	0.228690686745853	0.196732513752419	0.54624196689128	2.01341166083783	-2.10397988297758	0.836148173355823	0.774704810735122	-0.436997593304869	0.661452320084304
2	2.49027010985313	-1.42604669128421	-0.160735775403027	-0.227988782561569	0.767479167780764	-0.241622595369659	-1.75816543561611	-1.06341585994067	0.501166724622203	0.565920508460004	1.43098138945806	-3.85543155874856
2	0.487919905618746	-1.61145204192464	0.688528081734587	0.555024748294284	-2.75047789029751	-1.16300260446236	3.28187064969074	2.5820150557645	-1.2545969885922	1.6072917593213	-1.0881737886042	-2.485524248775
2	-0.191788846406365	1.42625363752734	1.06619123532691	-0.0068208027712699	-0.538654584186293	0.263586583595472	-0.744880593970164	0.959160464754945	0.511348535640092	-0.509119845764374	-2.01908053305493	1.90912324592351
2	-1.25401140647953	0.356424910415931	0.974343949459396	0.292606264863043	1.00470082223944	0.438250978451524	-1.56138037030762	-1.33438570559056	0.265558006792286	-0.351151151096822	1.783439334528	0.093237651578774
2	-0.296733179335088	-1.60476892575284	-0.127856859389799	-0.452437151812057	-1.19928135983063	-0.201553027247261	-1.61668866600233	0.0276357098554486	-2.96537429010625	-3.99603726980858	-3.7625235608435	-3.12389354383196
2	0.653992686869556	0.623990696610082	-0.0823184463098692	-0.351398461304933	-0.0384636667434083	0.140349849208655	-0.795128632508096	-0.0563190702158151	-0.114656175862545	1.70289737221632	1.51343620085298	1.61402760517345
2	0.264713962909321	-0.170221871377533	0.571676508634438	-0.476285613988236	1.25869934431969	0.568653535649785	-0.344745929078233	-0.298860569322877	0.94224414877437	1.4522513997222	-1.52057939717595	-2.02834021031003
2	0.177634941552915	-0.504135065804569	-0.631596000367843	0.247670498772547	1.40936884299767	1.50921215822748	-1.56281985815436	-0.521988926386467	1.97571730763032	-2.53503212008736	0.383297826209313	-1.18523849052963
2	-0.525640642004989	1.28980920870549	0.111890965572046	0.640602602251742	-0.673819994412001	1.09284399144462	1.94757311457806	0.692379871951004	2.17146593903122	4.33498117541779	0.565224510765836	2.26992663194178
2	-0.101754030302556	1.19985941108151	0.842977471610798	1.12031681579364	-0.245360884015502	2.23702700042821	3.05010218644954	5.09210501926369	3.47738396610483	3.84056323183685	0.847714314154643	1.64934396180835
2	-0.347966441439837	0.163645317615623	-1.16698512933545	0.55361278403677	-0.186717964559757	-0.970275324220404	-1.00762713108656	-0.44634194162549	1.77073823168943	-1.17620980130581	-2.1934561074989	-0.39057014433874
2	-1.12622624208706	-0.770131123623956	-0.144108267523877	0.251544676821461	0.905909100201	-0.426516628576359	-0.252990812296762	2.6754766640596	1.36502397835883	-0.22742625039525	-0.854212452241642	3.12505040261365
2	-0.203821215895646	1.56932219532848	0.394700634212874	0.326412494741055	1.65181789701492	-0.130545844584972	0.16925706373715	0.949955921325504	-3.20880398801606	-0.751838272411712	-0.0618504328745998	-2.15232930905318
2	1.08145444333846	1.24073169976295	0.0306851393101337	0.820699177647102	0.13360761504509	1.7404337127705	3.16813079381233	-1.05605123483287	-0.447747144684515	0.548215555465268	2.48568059190029	-0.334099094095285
2	-0.570334113195262	-0.461541758120317	-0.0520680835639827	-1.30142618276937	-0.952748418896831	1.1180279240875	-0.688982708431491	-0.84224588233617	-3.41874637477182	-1.07120442858405	-3.58134868942906	-3.78697446166435
2	0.390744351030492	1.96562914691261	-0.512560488116238	-0.528956099103614	-0.230041866737799	1.52763360667443	1.20027120539847	1.84141033508096	1.3961288024072	-2.00761198061258	-0.0188155801700314	0.435554224174942
2	1.13958527693745	1.12502685331885	0.584919254047602	0.882642486728778	1.13912874403482	1.07166532198153	-1.33858730068974	1.98489782872531	5.50104837011913	0.935682884502022	3.17533762315809	5.21455738593255
2	0.132561954839355	-1.74018298725859	0.0569454979364386	-1.15866263014542	-0.9379602554435	-0.637667513792473	-1.03960576257136	-1.71468040848477	-0.643506093059049	-0.862602485237584	-3.24368089492013	-3.9901501163395
2	-0.149510162980789	0.0513166639889004	1.8828065205232	0.465929006508542	-0.595988347683288	0.0811389963358825	0.901384605261221	1.1743296595142	0.513451218521901	-0.283151835993233	-1.84578377090342	0.720173239079534
2	1.27328723466688	1.14753195818521	2.16759507115465	0.235054000754144	1.5438239306947	0.469996729874733	3.08876388224276	0.968310254954179	1.09082762244793	1.13293886347747	-1.13359985062112	1.97835140810165
2	0.73355358232084	0.0719702516025916	0.602104055669042	-2.26259560747462	0.46890012562309	1.77708363941609	0.660729895148916	-0.0243841052017184	2.57567894042153	3.37834514103804	3.53446143237124	1.14567093212339
2	0.271605563312074	0.942370294591741	0.292724013673216	0.523063042737255	0.224144440000795	0.0815211638241204	0.83935164809834	2.18482143847192	2.35065051403093	4.09499984543434	-0.612302447455677	0.251193223228723
2	2.28056166545279	0.840570588808791	1.19836753825751	2.89337324208807	1.3846174106454	4.19388553910371	-1.04997610387145	2.71500058107841	2.50812475504068	3.2589357040263	0.41645212111867	1.18866492889064
2	-0.00956242664310528	0.703670484472386	1.09770442615727	1.83185456950719	0.395083002031856	1.34933195430922	0.179752832302321	0.123537906548819	-0.719824696312173	0.930441889347172	-1.31808079576548	-1.88145188249449
2	0.363587834570083	-1.81269362639603	0.184653659686382	0.66084688015592	1.19482686404069	0.341547025133694	3.62058897074332	-0.0786385787291516	1.82908659755362	1.59443640445379	2.23346630989868	2.47062983502654
2	-0.462589590448278	0.450724296829395	0.574029673872342	0.128709390997181	0.732882705538163	-0.90428276881496	0.0194777741540099	-1.97649707760622	0.675260803115538	1.65636782112622	-1.43126574248164	-0.629397634569564
2	0.725883080569735	-1.96981356358394	-1.58084026897449	0.878739902734689	-0.269619162261239	-0.0622579920292525	0.622029550571931	0.0737467382732874	-2.92112050043534	-0.319344165884994	-0.843398625337911	0.713109558214314
2	0.0708098995844417	0.134502951352062	-0.45124364368181	0.960185448063704	-0.274277131683474	2.0039501868581	-0.0840484559790771	0.641078929069002	2.60797385787593	1.56202434224179	0.908950455339542	1.12013029592521
2	-1.85538137103481	-0.363865796084223	-1.64051389391019	-1.18009771959184	-0.526978564835641	-1.72450147624525	1.18594043706656	0.850605225915074	1.41478405329298	-1.34125842185514	1.17346656612113	1.9043785605868
2	-0.446107386692531	-0.0234786264292484	-0.205876925733561	-1.13938250483993	-0.47406068984996	-1.58069402264887	-0.694769215575919	-2.4851847221522	-0.551292336857082	-1.95074365601934	-0.0146974365567305	-1.49360690631399
2	0.489951568921535	2.3005998307154	0.213073295066891	0.925105926828492	2.35743030928224	1.80107491798817	0.62617098137915	1.42660682081439	-1.51104409802102	-0.319200797584952	2.78909917356703	0.130403883211058
2	0.142418882719206	0.171408105769515	-0.12781238195643	2.09823545226875	0.954737033744085	0.544414021381295	-2.70127762842993	-0.652189490140449	1.05620225291786	0.256002998139365	2.62917037145033	-1.29937308425164
2	0.0709712914133082	0.0983345279362769	0.547536466518529	0.482862060743476	0.97865595320727	-0.516128267661058	-1.09908677792595	-0.247563927623716	1.0041939725657	3.22963680135691	0.30558870782119	-2.30720535408098
2	0.256962942427303	1.02040368369538	0.634862728903952	-0.922827484700711	-1.5876046267633	-0.329458826146302	-1.94168823276858	-0.344752330668917	-2.50518170891699	-0.661391181639279	-0.622913047412832	-0.672625050771085
2	-0.693416085052319	0.455938347003771	-0.369836642656388	1.55004998656461	-0.10884128525713	0.123397481700293	1.78133694216147	1.17004422709632	-1.89319105717637	1.10135193910195	0.187118848692511	-0.395045843845714
2	0.339998656051164	-0.501067163407059	-1.6082702098823	0.309563184717865	1.8471974113029	-0.444893646122601	-1.25501687159277	2.25039233040172	-2.70358623824543	-0.00255225027224998	0.256455951539948	0.784053030349599
2	-0.548540248241064	-1.28065925080555	-1.43706061267495	1.1216635327121	-0.115919796328119	-0.212771485417173	-0.284156373913003	1.19289008131344	0.923235396608077	1.84944409815377	-0.906609430453929	-3.78869432939283
2	0.376883377661786	0.754198971971438	1.77648570895728	-0.996840592768585	0.462820797656613	1.14259054879871	-1.34418586628067	0.632407836769393	0.860360026817921	1.37110863333364	0.148804063568834	1.86447469611179
2	-0.00838908842330552	-0.231862189934562	-0.842789754099796	0.442762349240596	1.22851067527882	1.00596935523852	-1.1139537183553	0.799209333676834	2.146496359722	-2.14459202076064	-0.57296348530511	-0.550517066506406
2	0.935943242094068	0.846484576092326	-0.587752600376861	-0.431269728933443	0.534610501318013	-1.4934461567501	-0.0507814770530391	3.58721694445972	0.772254475132808	-0.335149447398206	2.04007975127575	3.12976451238204
2	-0.335272620445798	-1.20146537781665	0.524861948595401	-0.872154019462734	0.360226294119158	-0.698894817347638	-0.923575056926936	0.0202401190991038	-0.735109207452831	-1.1508759174296	1.1252223523052	-1.12853020957215
2	0.479389789571244	-2.71116655293264	1.00029491543162	-0.624787301003215	1.23524482414654	-0.171917825155076	1.63328665756704	-0.597430512319342	0.753703780467358	-1.44050245023733	2.8669090929331	1.62544900986132
2	0.832100420691451	0.0031369350576988	0.543026359056346	0.689801858875754	2.1289309559869	-0.47591673190084	-0.509394243571498	1.21945728363978	2.0163768949062	0.958376569192203	2.21295197941135	-0.603787135348357
2	0.92509763864248	2.13779265870439	2.33345564669662	0.514872588004873	0.244697821464905	1.68540760372017	-1.80691063600335	-0.972684859157628	0.505761473168609	-0.796403348486938	2.40429328702792	1.06717558429621
2	-2.20337649576599	-0.75263828837736	0.458200234534348	-0.109571470356436	0.829296210611976	-0.74103934921704	2.69052682873442	-0.856628004299154	-0.91801014901154	-1.37293860585967	-4.39353832768187	2.2617227306549
2	0.0940197366263843	-1.50932159775187	-0.38384819290342	0.103754379144761	-0.188198466781386	1.36399631642202	-0.322339093828337	1.34837510822219	1.56260160310009	0.742496392727339	0.957708444530344	2.39240704807194
2	0.244644617308248	2.10821231089527	1.77497092247477	0.814175324329197	2.29426516513313	1.03437089420682	-1.2596063669481	-1.90663289096668	0.74472987896029	3.86936559380901	0.0408684832630144	-0.0133757766688379
2	-0.379755971103036	0.97123769666887	-0.313988656553327	0.390752554715372	-1.68741100476751	-0.763040532671025	-3.09686469045343	-0.0384478148493312	-2.24514723561469	-2.94874556053822	1.55930857767088	-4.35318879148177
2	-0.497091885905506	-0.59906492588294	-0.421343652939508	-0.2999619722616	-0.403953147868863	-0.840043656368449	1.89609302584946	-3.34500772148436	-2.66720642035415	0.491604662218036	-1.02669650908123	1.1889587436237
2	1.51819623176228	1.15663008595734	1.05977877259483	0.121623225437801	1.12775348972805	0.30091928148033	3.1872696569708	2.73408355867612	-0.260267312059562	2.36393064973009	1.43406257401777	3.11060909871148
2	-0.271571542373727	0.207113736891735	0.774629689990373	0.33446288177909	-1.54638892618264	0.219296900034437	0.69073769294341	-0.297125141983481	-3.43535431560956	2.89239828937695	-3.08765156332893	-0.578158871408938
2	-1.09276466986017	1.91975265645444	-0.523785904213543	0.132528305543123	0.362791391652911	-0.386798025313424	-2.25375450774976	-1.47938395772026	-0.338472468033564	-2.52672631802466	1.10881567119207	-2.49618946689349
2	1.11956659255587	0.734947554028453	-0.0307495203333552	0.941929584996842	1.44707949001243	-0.251185905572915	-0.565174554120899	-0.961757968310531	-1.75344042318757	0.503151295045534	-0.87281801294514	3.40147228452521
2	-0.461543679730552	-2.64118790930998	-0.979957960637074	0.52162475374588	-0.27498765006487	0.662793171902439	-1.21672912442687	-0.713944811805194	-1.25375842242815	-0.517087388773926	-1.62873244099925	0.318274768858307
2	1.42186548429986	1.23096617151697	1.93032676473355	1.56967580371074	0.160749073160132	1.35489408795861	-1.85409832956271	1.00728577872752	-0.272998240062108	-1.19796340897857	2.92567686815185	0.55088389039287
2	0.483423575158797	0.472194740014088	1.43705804368883	1.29627783019903	0.758667597277187	0.345139250705407	-0.569920913960044	-1.70678346850234	0.528684250080288	1.56450703098607	2.4442076759493	-0.650461403546866
2	1.29913872442935	1.76978015557516	3.08568162480631	2.56614438811608	1.91442663521789	-0.16447643990462	0.816376952714017	5.02972322702436	1.6299396232679	3.3115053336214	-0.692889343948729	2.51957395436681
2	-0.844063791267482	-0.537298746705675	0.262573846735626	1.024965095071	-1.29386378904612	-0.537052146357009	0.169388086588874	1.01708305010943	-0.826324382330579	1.87551340355996	-3.81094367828937	1.59502462951519
2	1.39201247267661	0.0126137281178741	1.18388242839468	0.601315258220747	-1.00287928452429	0.510113145974345	1.02948221127277	-0.0939383732700176	1.73462824762862	1.48591396109944	1.08460058012796	3.4153512890543
2	-0.593014490144872	0.904382439781638	-0.0546224909865798	0.603960689795968	1.67078240585349	-0.2225637924166	0.855154240508604	-0.443162723171419	-1.41621095686039	-1.3358121579155	0.486398578817837	0.542943791371042
2	1.3294286722218	-0.626034212053944	0.323521599170704	0.32596292114606	-0.360289088898988	-0.113708484266943	0.0424801725554528	-1.25535129892944	1.85703735118004	-3.3948683247855	-0.456994396745557	-4.09608138606981
2	0.155044441572543	0.104804443218446	1.73756444024605	0.238102697444166	-0.102532370369846	-0.27662580181811	1.25889991177843	0.379227141170203	0.0610327045061077	-0.61546570309288	-1.16382440505442	-3.18563704650233
2	0.401623550073497	0.468862760244946	-0.591925647555838	0.0680750116809621	0.378501224612608	0.0627888962909602	1.36995181113279	0.681242541464307	0.223430785214919	-0.0558910325368218	2.52665124685417	2.78792832219741
2	0.395945123585711	1.0069105099626	0.215452912263804	-0.376416252932914	0.838375218183599	-0.267103146827172	-2.08370503687774	2.08080751390378	-2.24261793404492	0.754680132432016	-0.42603375872573	-3.75555231353029
2	0.605566414297969	-0.0550131933266293	0.193183411843147	-0.334969988894653	0.786510398812074	0.0167244325426468	-0.910644383675699	3.31040744477159	-1.02534100186795	-1.27274928934432	-1.95784083284878	-2.09314358275632
2	0.190249523205979	0.199340914395574	-0.0299014941237094	-0.670372960357012	0.669967672353837	0.817157434730393	-0.376896642520728	0.695831264151497	-4.03853357786707	0.962507564179852	-1.2791796972506	-2.9824455045196
2	-1.18324886102264	-0.0691895503826889	0.928246418312287	0.898964611722484	0.0397719750289621	0.0182983071897104	-1.19921501990779	-0.477466657110944	0.937582963715038	-2.32124377136463	-4.22320942345673	-1.28530862806844
2	0.410994298594201	-1.35032371965984	0.0716025522010806	-0.137366100733044	-1.02896040540775	-0.170952016370676	-0.738312823814179	-1.80902761334243	-1.38006823009352	-3.90623304103033	-0.959585009437351	-1.90182311357284
2	0.0447654222628021	0.064949148908993	0.897279128674234	-1.28529549261949	0.337790973340813	0.128844759674033	-0.42139893204786	0.335794885627323	0.436917735742903	0.520913823720236	1.98307992758315	3.57277823699981
2	0.246161438947434	-0.904386321890289	0.369995994411442	-1.25918825775653	-1.51245858204209	-0.888052760314293	-0.273702476317275	-3.19055676114916	1.21073275591887	-2.22620612450551	-5.69432962649885	-0.0270847185374041
2	0.296038343658013	-0.288673737921147	0.613795386195948	1.68593555681406	0.521073140279382	-0.737836755096117	-0.777313232305002	-1.16157547343207	-0.0383778341234267	-4.49673839663219	-0.414889360597137	-4.29301587682223
2	-1.51782420134033	-0.568900265262442	0.26005731973652	-0.387557043830865	-1.76435110598474	0.025843138108673	2.59340783211927	-1.17897926487676	1.70422349399083	1.42566890118576	-1.3817384627854	1.42989839985743
2	1.0882342532521	-0.315922874268624	-0.021958711695125	-0.264264230108589	0.167314787680168	0.743488517968087	-1.36011559595262	-2.33063391069733	-1.80870982493007	-1.48571742422083	1.77625881158468	1.03364437704178
2	0.512870167462453	0.941227788555387	-1.89391608589781	1.17323532484464	-1.54622210003998	-1.40088593760388	2.93622517298325	2.76004390623654	1.72061246085719	-0.252779717090274	0.63665538418548	-2.71513804512759
2	-0.206629937773641	2.01957015078299	1.46425583224675	1.29088431291071	0.622729604024261	-0.755175757099689	0.762289396900581	0.29656844770961	0.820044291451539	2.85160698626296	1.13426807628499	2.6554193703079
2	0.0409563208108504	1.91641791206318	1.51172694005426	1.03326777199263	0.325492435183543	-0.161587202451543	-4.96902268808085	3.08541195864938	-0.557877211158547	0.946795123695048	3.35682925520011	0.384444242949938
2	1.53783348364748	-0.38819700492625	-0.856531620694087	0.728966845130601	0.421525427214202	-0.26529616125975	0.319585084241291	-1.6673295666852	3.18152676232531	-1.43769059090848	4.07438991646939	-2.89037581949253
2	-1.39867744761635	-1.05405643829348	1.11984259231382	-0.982257617320758	0.376763498506641	-0.573230322677829	2.29814462140868	1.88052829497187	-1.56826804260846	1.93068848484223	-0.652685675809732	2.2778184184972
2	0.202672701815271	1.12950313777251	0.752131539890601	-0.351827718743115	0.496324494107746	1.50043417519582	-0.340295075012669	2.17458518533059	0.437639623673231	4.78066517484466	2.45264712241194	1.11734706580248
2	-0.818526993875307	-0.841849359970819	-0.432601920993324	0.294046832708389	-0.778340219884322	-1.07460590110453	-1.13570515098817	0.787421066548342	-1.0789943619965	-1.1465635895536	-1.60891778630866	-1.10794807816487
2	2.13313950766478	1.4499748022148	-0.352911330252652	0.437569610604843	0.248740672981608	-0.479458344598927	-1.94116494649639	-2.5871391265272	0.218187582712935	1.42638318061317	-2.6729647202494	-1.56317044538521
2	0.316312315510637	-1.11117710007509	2.60747625732548	0.810357910112112	-0.691477779047437	-0.623985937485361	2.45954623794409	-1.68595852221335	0.559601229738696	1.05947383112177	-1.19115853803766	-1.19778416229943
2	-1.00202358882131	-0.803726916744632	2.28345813517702	-0.161098769195202	0.0158934228847033	0.597933358722408	-2.40053021526107	1.19218473448279	3.58400088420822	1.7401404561563	-0.366878347233426	-0.634425008650154
2	1.26933486252344	0.843682149351506	-0.344509345313009	0.0048653910490824	-0.160775253773134	-0.348902588806312	-4.8443152874083	-2.8265899907518	-1.99227205962863	0.671545506630053	-0.461042296764457	-1.53349930644247
